      5.51967     0.786668
      5.54991     0.791522
      5.58015     0.793597
      5.61039     0.797200
      5.64063     0.801942
      5.67088     0.803170
      5.70112     0.810404
      5.73136     0.815211
      5.76160     0.820819
      5.79184     0.830793
      5.82209     0.838560
      5.85233     0.843357
      5.88257     0.850456
      5.91281     0.858876
      5.94305     0.867605
      5.97330     0.877191
      6.00354     0.885468
      6.03378     0.894119
      6.06402     0.899431
      6.09426     0.905539
      6.12451     0.912145
      6.15475     0.915534
      6.18499     0.920165
      6.21523     0.923292
      6.24547     0.925166
      6.27572     0.926670
      6.30596     0.929070
      6.33620     0.931008
      6.36644     0.932482
      6.39668     0.931844
      6.42693     0.933546
      6.45717     0.934044
      6.48741     0.934606
      6.51765     0.935985
      6.54789     0.935620
      6.57814     0.937304
      6.60838     0.937949
      6.63862     0.937812
      6.66886     0.937932
      6.69910     0.937371
      6.72935     0.934377
      6.75959     0.934908
      6.78983     0.934115
      6.82007     0.931940
      6.85031     0.931071
      6.88056     0.926322
      6.91080     0.923789
      6.94104     0.921015
      6.97128     0.913640
      7.00152     0.909374
      7.03177     0.904576
      7.06201     0.897868
      7.09225     0.891230
      7.12249     0.883681
      7.15273     0.879300
      7.18298     0.868662
      7.21322     0.860585
      7.24346     0.854210
      7.27370     0.849077
      7.30394     0.842829
      7.33419     0.841160
      7.36443     0.842235
      7.39467     0.842172
      7.42491     0.840713
      7.45515     0.850796
      7.48540     0.855912
      7.51564     0.868448
      7.57612     0.867197
      7.63660     0.863712
      7.69709     0.858825
      7.75757     0.857047
      7.81805     0.865264
      7.87854     0.876239
      7.93902     0.891863
      7.99951     0.909371
      8.05999     0.929091
      8.12047     0.944697
      8.18096     0.955371
      8.24144     0.958642
      8.30192     0.960907
      8.36241     0.962508
      8.42289     0.968881
      8.48337     0.967725
      8.54386     0.970230
      8.60434     0.970894
      8.66483     0.968991
      8.72531     0.969730
      8.78579     0.967331
      8.84628     0.964403
      8.90676     0.966209
      8.96724     0.964684
      9.02773     0.963672
      9.08821     0.961302
      9.14869     0.959489
      9.20918     0.956360
      9.26966     0.952847
      9.33015     0.951706
      9.39063     0.952245
      9.45111     0.948868
      9.51160     0.946003
      9.57208     0.945172
      9.63256     0.943404
      9.69305     0.944276
      9.75353     0.941446
      9.81401     0.943265
      9.87450     0.943678
      9.93498     0.944740
      9.99547     0.944070
      10.0560     0.944632
      10.1164     0.944231
      10.1769     0.942827
      10.2374     0.945128
      10.2979     0.948754
      10.3584     0.953234
      10.4188     0.960104
      10.4793     0.967650
      10.5398     0.973981
      10.6003     0.978973
      10.6608     0.985497
      10.7213     0.990218
      10.7817     0.994991
      10.8422     0.997921
      10.9027     0.998243
      10.9632     0.998510
      11.0237      1.00000
      11.0842     0.997273
      11.1447     0.994509
      11.2051     0.993530
      11.2656     0.993844
      11.3261     0.992020
      11.3866     0.984514
      11.4471     0.980318
      11.5076     0.975218
      11.5680     0.966498
      11.6285     0.957043
      11.6890     0.946490
      11.7495     0.938127
      11.8100     0.925736
      11.8705     0.914754
      11.9309     0.912701
      11.9914     0.907152
      12.0519     0.895306
      12.1124     0.883831
      12.1729     0.869019
      12.2334     0.855924
      12.2938     0.841018
      12.3543     0.826658
      12.4148     0.811255
      12.4753     0.794455
      12.5358     0.782787
      12.5963     0.771793
      12.6567     0.761297
      12.7172     0.754099
      12.7777     0.744288
      12.8382     0.737200
      12.8987     0.732404
      12.9592     0.726443
      13.0197     0.722193
      13.0801     0.716522
      13.1406     0.713466
      13.2011     0.709434
      13.2616     0.706992
      13.3221     0.705061
      13.3826     0.700889
      13.4430     0.695213
      13.5035     0.681211
      13.5640     0.650443
      13.6245     0.596717
      13.6850     0.552050
      13.7455     0.589474
      13.8059     0.640378
      13.8664     0.651695
      13.9269     0.656840
      13.9847     0.654077
      13.9874     0.659739
      14.0479     0.663235
      14.0694     0.667170
      14.1083     0.668279
      14.1540     0.671142
      14.1688     0.664320
      14.2387     0.677542
      14.3234     0.681997
      14.4081     0.682216
      14.4927     0.680180
      14.5774     0.677291
      14.6621     0.676244
      14.7468     0.673002
      14.8315     0.670301
      14.9161     0.669181
      15.0008     0.669451
      15.0855     0.667200
      15.1701     0.664272
      15.2548     0.661598
      15.3395     0.659164
      15.4242     0.657497
      15.5089     0.654659
      15.5935     0.654467
      15.6782     0.651582
      15.7629     0.649687
      15.8476     0.648234
      15.9322     0.643895
      16.0169     0.641312
      16.1016     0.637273
      16.1863     0.636114
      16.2710     0.632223
      16.3556     0.629615
      16.4403     0.627577
      16.5250     0.624455
      16.6097     0.623550
      16.6943     0.620123
      16.7790     0.615395
      16.8637     0.611806
      16.9484     0.608828
      17.0330     0.607561
      17.1177     0.606449
      17.2024     0.602319
      17.2871     0.601226
      17.3717     0.596771
      17.4564     0.593344
      17.5411     0.590228
      17.6258     0.588613
      17.7105     0.587224
      17.7951     0.586863
      17.8798     0.582234
      17.9645     0.576223
      18.0492     0.575218
      18.1338     0.573727
      18.2185     0.571564
      18.3032     0.567244
      18.3879     0.566573
      18.4725     0.563544
      18.5572     0.562067
      18.6419     0.558989
      18.7266     0.559205
      18.8113     0.554258
      18.8959     0.550605
      18.9806     0.546421
      19.0653     0.548152
      19.1500     0.545870
      19.2346     0.541987
      19.3193     0.541309
      19.4040     0.539653
      19.4887     0.541350
      19.5734     0.538505
      19.6580     0.537925
      19.7427     0.533007
      19.8274     0.531018
      19.9121     0.531611
      19.9967     0.534180
      20.0814     0.530998
      20.1661     0.526290
      20.2508     0.520113
      20.3354     0.517240
      20.4201     0.512706
      20.5048     0.509176
      20.5895     0.508620
      20.7588     0.505137
      20.9282     0.500706
      21.0975     0.497551
      21.2669     0.496573
      21.4362     0.491315
      21.6056     0.486790
      21.7750     0.485149
      21.9443     0.483667
      22.1137     0.478874
      22.2830     0.475197
      22.4524     0.472456
      22.6217     0.471884
      22.7911     0.470917
      22.9604     0.469377
      23.1298     0.470323
      23.2991     0.469691
      23.4685     0.469365
      23.6378     0.468826
      23.8072     0.470195
      23.9765     0.472758
      24.1459     0.475991
      24.3153     0.476984
      24.4846     0.481315
      24.6540     0.486319
      24.8233     0.489518
      24.9927     0.491495
      25.1620     0.494795
      25.3314     0.495601
      25.5007     0.495585
      25.6701     0.495514
      25.8394     0.497381
      26.0088     0.500015
      26.1782     0.500607
      26.3475     0.498926
      26.5168     0.498092
      26.6862     0.498065
      26.8556     0.498827
      27.0249     0.497313
      27.1943     0.495789
      27.3636     0.494645
      27.5330     0.493511
      27.7023     0.488539
      27.8717     0.486719
      28.0410     0.486050
      28.2104     0.484714
      28.3797     0.482211
      28.5491     0.479589
      28.7185     0.476258
      28.8878     0.474685
      29.0572     0.473513
      29.2265     0.469773
      29.3959     0.469283
      29.5652     0.463635
      29.7346     0.460699
      29.9039     0.460511
