      5.51967     0.577310
      5.54991     0.571020
      5.58015     0.573901
      5.61039     0.571077
      5.64063     0.568832
      5.67088     0.566699
      5.70112     0.564439
      5.73136     0.561212
      5.76160     0.564310
      5.79184     0.568168
      5.82209     0.566709
      5.85233     0.564595
      5.88257     0.563777
      5.91281     0.567304
      5.94305     0.568751
      5.97330     0.567395
      6.00354     0.571415
      6.03378     0.568657
      6.06402     0.568952
      6.09426     0.569975
      6.12451     0.569539
      6.15475     0.573946
      6.18499     0.571171
      6.21523     0.575858
      6.24547     0.572526
      6.27572     0.575279
      6.30596     0.571142
      6.33620     0.567929
      6.36644     0.560607
      6.39668     0.552084
      6.42693     0.546357
      6.45717     0.539955
      6.48741     0.532105
      6.51765     0.529070
      6.54789     0.530174
      6.57814     0.522060
      6.60838     0.522330
      6.63862     0.519758
      6.66886     0.522401
      6.69910     0.521243
      6.72935     0.523805
      6.75959     0.523409
      6.78983     0.512685
      6.82007     0.514882
      6.85031     0.512892
      6.88056     0.509928
      6.91080     0.511808
      6.94104     0.509908
      6.97128     0.505022
      7.00152     0.507289
      7.03177     0.504961
      7.06201     0.501891
      7.09225     0.504362
      7.12249     0.503858
      7.15273     0.506068
      7.18298     0.502268
      7.21322     0.499834
      7.24346     0.493453
      7.27370     0.486749
      7.30394     0.491032
      7.33419     0.492820
      7.36443     0.489217
      7.39467     0.492145
      7.42491     0.492240
      7.45515     0.502734
      7.48540     0.496998
      7.51564     0.489551
      7.57612     0.493789
      7.63660     0.494245
      7.69709     0.486053
      7.75757     0.485513
      7.81805     0.485306
      7.87854     0.484541
      7.93902     0.485203
      7.99951     0.491434
      8.05999     0.499954
      8.12047     0.512024
      8.18096     0.525703
      8.24144     0.537436
      8.30192     0.549912
      8.36241     0.561003
      8.42289     0.575004
      8.48337     0.588377
      8.54386     0.606128
      8.60434     0.625626
      8.66483     0.641334
      8.72531     0.658395
      8.78579     0.678050
      8.84628     0.701694
      8.90676     0.729277
      8.96724     0.760744
      9.02773     0.788681
      9.08821     0.815050
      9.14869     0.844008
      9.20918     0.871081
      9.26966     0.897332
      9.33015     0.915076
      9.39063     0.930358
      9.45111     0.948847
      9.51160     0.962613
      9.57208     0.973442
      9.63256     0.978452
      9.69305     0.991779
      9.75353     0.996649
      9.81401     0.998514
      9.87450      1.00000
      9.93498     0.998864
      9.99547     0.991066
      10.0560     0.991321
      10.1164     0.985733
      10.1769     0.978719
      10.2374     0.972970
      10.2979     0.965898
      10.3584     0.958868
      10.4188     0.953272
      10.4793     0.949832
      10.5398     0.945413
      10.6003     0.936217
      10.6608     0.930869
      10.7213     0.923536
      10.7817     0.914025
      10.8422     0.907199
      10.9027     0.897706
      10.9632     0.887016
      11.0237     0.879367
      11.0842     0.872256
      11.1447     0.855003
      11.2051     0.849905
      11.2656     0.843109
      11.3261     0.829893
      11.3866     0.815906
      11.4471     0.798000
      11.5076     0.787180
      11.5680     0.767667
      11.6285     0.749662
      11.6890     0.727335
      11.7495     0.712191
      11.8100     0.693117
      11.8705     0.677050
      11.9309     0.664747
      11.9914     0.653256
      12.0519     0.640092
      12.1124     0.625891
      12.1729     0.608428
      12.2334     0.598085
      12.2938     0.587616
      12.3543     0.577384
      12.4148     0.566643
      12.4753     0.555362
      12.5358     0.547127
      12.5963     0.538837
      12.6567     0.534848
      12.7172     0.529113
      12.7777     0.526057
      12.8382     0.520692
      12.8987     0.516110
      12.9592     0.510929
      13.0197     0.505574
      13.0801     0.504611
      13.1406     0.504169
      13.2011     0.501689
      13.2616     0.495101
      13.3221     0.491790
      13.3826     0.490361
      13.4430     0.486981
      13.5035     0.483096
      13.5640     0.488453
      13.6245     0.484637
      13.6850     0.485194
      13.7455     0.485546
      13.8059     0.487701
      13.8664     0.486700
      13.9269     0.486369
      13.9847     0.478912
      13.9874     0.479227
      14.0479     0.477688
      14.0694     0.472385
      14.1083     0.470080
      14.1540     0.465724
      14.1688     0.462366
      14.2387     0.466568
      14.3234     0.463574
      14.4081     0.464624
      14.4927     0.463352
      14.5774     0.462932
      14.6621     0.462565
      14.7468     0.460938
      14.8315     0.462023
      14.9161     0.461435
      15.0008     0.459808
      15.0855     0.465375
      15.1701     0.468242
      15.2548     0.472735
      15.3395     0.475155
      15.4242     0.482296
      15.5089     0.486323
      15.5935     0.494362
      15.6782     0.500575
      15.7629     0.506851
      15.8476     0.510696
      15.9322     0.512291
      16.0169     0.521854
      16.1016     0.528412
      16.1863     0.536761
      16.2710     0.538891
      16.3556     0.539491
      16.4403     0.549094
      16.5250     0.551508
      16.6097     0.557920
      16.6943     0.561907
      16.7790     0.567549
      16.8637     0.572077
      16.9484     0.576817
      17.0330     0.580656
      17.1177     0.585246
      17.2024     0.590856
      17.2871     0.592056
      17.3717     0.596322
      17.4564     0.601440
      17.5411     0.604969
      17.6258     0.607007
      17.7105     0.608569
      17.7951     0.608879
      17.8798     0.609176
      17.9645     0.612510
      18.0492     0.616169
      18.1338     0.612800
      18.2185     0.617151
      18.3032     0.615080
      18.3879     0.615718
      18.4725     0.616960
      18.5572     0.613164
      18.6419     0.609767
      18.7266     0.616521
      18.8113     0.613376
      18.8959     0.612180
      18.9806     0.604931
      19.0653     0.602624
      19.1500     0.608009
      19.2346     0.607935
      19.3193     0.599874
      19.4040     0.597472
      19.4887     0.594565
      19.5734     0.593084
      19.6580     0.589220
      19.7427     0.582970
      19.8274     0.578127
      19.9121     0.574966
      19.9967     0.572067
      20.0814     0.568596
      20.1661     0.566839
      20.2508     0.557553
      20.3354     0.548963
      20.4201     0.547675
      20.5048     0.539612
      20.5895     0.544156
      20.7588     0.539010
      20.9282     0.534534
      21.0975     0.527129
      21.2669     0.524907
      21.4362     0.520168
      21.6056     0.508293
      21.7750     0.503740
      21.9443     0.499135
      22.1137     0.490438
      22.2830     0.481321
      22.4524     0.476139
      22.6217     0.479176
      22.7911     0.477245
      22.9604     0.471467
      23.1298     0.468408
      23.2991     0.463488
      23.4685     0.462196
      23.6378     0.456580
      23.8072     0.448068
      23.9765     0.439358
      24.1459     0.431359
      24.3153     0.424507
      24.4846     0.415539
      24.6540     0.416813
      24.8233     0.410171
      24.9927     0.404514
      25.1620     0.399586
      25.3314     0.394736
      25.5007     0.383051
      25.6701     0.381928
      25.8394     0.382266
      26.0088     0.383840
      26.1782     0.376193
      26.3475     0.373587
      26.5168     0.371524
      26.6862     0.370908
      26.8556     0.366082
      27.0249     0.362709
      27.1943     0.363679
      27.3636     0.364192
      27.5330     0.366392
      27.7023     0.361254
      27.8717     0.356171
      28.0410     0.352106
      28.2104     0.352128
      28.3797     0.345535
      28.5491     0.341581
      28.7185     0.338078
      28.8878     0.336737
      29.0572     0.331413
      29.2265     0.330330
      29.3959     0.327492
      29.5652     0.317872
      29.7346     0.316909
      29.9039     0.311421
