      5.51967    0.0383674
      5.54991    0.0384696
      5.58015    0.0379382
      5.61039    0.0391636
      5.64063    0.0391674
      5.67088    0.0395297
      5.70112    0.0398412
      5.73136    0.0394013
      5.76160    0.0408372
      5.79184    0.0397259
      5.82209    0.0385432
      5.85233    0.0403884
      5.88257    0.0414802
      5.91281    0.0420204
      5.94305    0.0421468
      5.97330    0.0415753
      6.00354    0.0436712
      6.03378    0.0452963
      6.06402    0.0450575
      6.09426    0.0475036
      6.12451    0.0490133
      6.15475    0.0522897
      6.18499    0.0559084
      6.21523    0.0568278
      6.24547    0.0571179
      6.27572    0.0569841
      6.30596    0.0550603
      6.33620    0.0546822
      6.36644    0.0535662
      6.39668    0.0521490
      6.42693    0.0521504
      6.45717    0.0502531
      6.48741    0.0498325
      6.51765    0.0499423
      6.54789    0.0519229
      6.57814    0.0514412
      6.60838    0.0515234
      6.63862    0.0522737
      6.66886    0.0526023
      6.69910    0.0523398
      6.72935    0.0530963
      6.75959    0.0528712
      6.78983    0.0536985
      6.82007    0.0536957
      6.85031    0.0545861
      6.88056    0.0550877
      6.91080    0.0580048
      6.94104    0.0570430
      6.97128    0.0579576
      7.00152    0.0587526
      7.03177    0.0587736
      7.06201    0.0598691
      7.09225    0.0600984
      7.12249    0.0619379
      7.15273    0.0644985
      7.18298    0.0665217
      7.21322    0.0666720
      7.24346    0.0678424
      7.27370    0.0672459
      7.30394    0.0678239
      7.33419    0.0718429
      7.36443    0.0740196
      7.39467    0.0753558
      7.42491    0.0781868
      7.45515    0.0779568
      7.48540    0.0775889
      7.51564    0.0805427
      7.57612    0.0810294
      7.63660    0.0820782
      7.69709    0.0826655
      7.75757    0.0829733
      7.81805    0.0828119
      7.87854    0.0816739
      7.93902    0.0796965
      7.99951    0.0774253
      8.05999    0.0755586
      8.12047    0.0736296
      8.18096    0.0720603
      8.24144    0.0713877
      8.30192    0.0709012
      8.36241    0.0697995
      8.42289    0.0698558
      8.48337    0.0694869
      8.54386    0.0682828
      8.60434    0.0691363
      8.66483    0.0675986
      8.72531    0.0655901
      8.78579    0.0627870
      8.84628    0.0604548
      8.90676    0.0586086
      8.96724    0.0560704
      9.02773    0.0553885
      9.08821    0.0552771
      9.14869    0.0547396
      9.20918    0.0547676
      9.26966    0.0538174
      9.33015    0.0535278
      9.39063    0.0520932
      9.45111    0.0522663
      9.51160    0.0518081
      9.57208    0.0527232
      9.63256    0.0539753
      9.69305    0.0555679
      9.75353    0.0532437
      9.81401    0.0531876
      9.87450    0.0545119
      9.93498    0.0553483
      9.99547    0.0557820
      10.0560    0.0569877
      10.1164    0.0576707
      10.1769    0.0584654
      10.2374    0.0594197
      10.2979    0.0605070
      10.3584    0.0619798
      10.4188    0.0631378
      10.4793    0.0640153
      10.5398    0.0656025
      10.6003    0.0671084
      10.6608    0.0683508
      10.7213    0.0697909
      10.7817    0.0705671
      10.8422    0.0730821
      10.9027    0.0741730
      10.9632    0.0761586
      11.0237    0.0784646
      11.0842    0.0807430
      11.1447    0.0893184
      11.2051     0.102486
      11.2656     0.110259
      11.3261     0.107795
      11.3866     0.102161
      11.4471    0.0980464
      11.5076    0.0953975
      11.5680    0.0940878
      11.6285    0.0926473
      11.6890    0.0936772
      11.7495    0.0941578
      11.8100    0.0937160
      11.8705    0.0960084
      11.9309    0.0979282
      11.9914     0.100059
      12.0519     0.100323
      12.1124     0.100906
      12.1729     0.103015
      12.2334     0.105867
      12.2938     0.108251
      12.3543     0.108418
      12.4148     0.107578
      12.4753     0.108011
      12.5358     0.110199
      12.5963     0.112900
      12.6567     0.114750
      12.7172     0.118086
      12.7777     0.118591
      12.8382     0.118298
      12.8987     0.116777
      12.9592     0.117106
      13.0197     0.116304
      13.0801     0.116847
      13.1406     0.117106
      13.2011     0.118514
      13.2616     0.119078
      13.3221     0.120876
      13.3826     0.120770
      13.4430     0.122323
      13.5035     0.123931
      13.5640     0.125170
      13.6245     0.125913
      13.6850     0.128277
      13.7455     0.127490
      13.8059     0.129308
      13.8664     0.128143
      13.9269     0.130137
      13.9847     0.130272
      13.9874     0.131661
      14.0479     0.132654
      14.0694     0.133348
      14.1083     0.133136
      14.1540     0.133950
      14.1688     0.132642
      14.2387     0.136367
      14.3234     0.137789
      14.4081     0.139592
      14.4927     0.141435
      14.5774     0.142805
      14.6621     0.144786
      14.7468     0.145241
      14.8315     0.143003
      14.9161     0.135938
      15.0008     0.127019
      15.0855     0.123716
      15.1701     0.123818
      15.2548     0.127091
      15.3395     0.137447
      15.4242     0.144127
      15.5089     0.146818
      15.5935     0.153725
      15.6782     0.159055
      15.7629     0.168275
      15.8476     0.172992
      15.9322     0.176029
      16.0169     0.177964
      16.1016     0.179766
      16.1863     0.182608
      16.2710     0.187415
      16.3556     0.194137
      16.4403     0.199711
      16.5250     0.201833
      16.6097     0.203242
      16.6943     0.204685
      16.7790     0.207070
      16.8637     0.210259
      16.9484     0.217896
      17.0330     0.234023
      17.1177     0.234364
      17.2024     0.227317
      17.2871     0.228676
      17.3717     0.230741
      17.4564     0.233258
      17.5411     0.234339
      17.6258     0.237643
      17.7105     0.240910
      17.7951     0.243512
      17.8798     0.245003
      17.9645     0.247142
      18.0492     0.250213
      18.1338     0.251424
      18.2185     0.256304
      18.3032     0.259153
      18.3879     0.261211
      18.4725     0.263421
      18.5572     0.267895
      18.6419     0.272627
      18.7266     0.276592
      18.8113     0.275985
      18.8959     0.281344
      18.9806     0.284324
      19.0653     0.285632
      19.1500     0.290160
      19.2346     0.295990
      19.3193     0.302137
      19.4040     0.303939
      19.4887     0.306658
      19.5734     0.310054
      19.6580     0.315704
      19.7427     0.318476
      19.8274     0.320788
      19.9121     0.326002
      19.9967     0.329789
      20.0814     0.335331
      20.1661     0.339169
      20.2508     0.343466
      20.3354     0.346881
      20.4201     0.350571
      20.5048     0.350947
      20.5895     0.358710
      20.7588     0.368840
      20.9282     0.378953
      21.0975     0.386802
      21.2669     0.400202
      21.4362     0.407801
      21.6056     0.414771
      21.7750     0.427192
      21.9443     0.440438
      22.1137     0.448714
      22.2830     0.456547
      22.4524     0.466242
      22.6217     0.484191
      22.7911     0.495054
      22.9604     0.504074
      23.1298     0.516398
      23.2991     0.527908
      23.4685     0.542009
      23.6378     0.551614
      23.8072     0.561657
      23.9765     0.573476
      24.1459     0.586695
      24.3153     0.599411
      24.4846     0.611697
      24.6540     0.622038
      24.8233     0.635972
      24.9927     0.649436
      25.1620     0.663676
      25.3314     0.672884
      25.5007     0.683320
      25.6701     0.694556
      25.8394     0.708627
      26.0088     0.726897
      26.1782     0.740508
      26.3475     0.746615
      26.5168     0.758149
      26.6862     0.769709
      26.8556     0.784086
      27.0249     0.794871
      27.1943     0.808762
      27.3636     0.821838
      27.5330     0.834027
      27.7023     0.842390
      27.8717     0.855051
      28.0410     0.870674
      28.2104     0.889783
      28.3797     0.904905
      28.5491     0.908168
      28.7185     0.917817
      28.8878     0.931529
      29.0572     0.938989
      29.2265     0.948840
      29.3959     0.964270
      29.5652     0.974383
      29.7346     0.987780
      29.9039      1.00000
