      5.51967    0.0217031
      5.54991    0.0202695
      5.58015    0.0211709
      5.61039    0.0234163
      5.64063    0.0246189
      5.67088    0.0262481
      5.70112    0.0271846
      5.73136    0.0298911
      5.76160    0.0293412
      5.79184    0.0300076
      5.82209    0.0266704
      5.85233    0.0306493
      5.88257    0.0314298
      5.91281    0.0314887
      5.94305    0.0295668
      5.97330    0.0327456
      6.00354    0.0373882
      6.03378    0.0398069
      6.06402    0.0413898
      6.09426    0.0457435
      6.12451    0.0507215
      6.15475    0.0651493
      6.18499    0.0846604
      6.21523    0.0985041
      6.24547    0.0931589
      6.27572    0.0837908
      6.30596    0.0728828
      6.33620    0.0644954
      6.36644    0.0586120
      6.39668    0.0513492
      6.42693    0.0492236
      6.45717    0.0455089
      6.48741    0.0434823
      6.51765    0.0411200
      6.54789    0.0428188
      6.57814    0.0423598
      6.60838    0.0410217
      6.63862    0.0436495
      6.66886    0.0439812
      6.69910    0.0446036
      6.72935    0.0462515
      6.75959    0.0481427
      6.78983    0.0480542
      6.82007    0.0497933
      6.85031    0.0477237
      6.88056    0.0499427
      6.91080    0.0531992
      6.94104    0.0526742
      6.97128    0.0522313
      7.00152    0.0515131
      7.03177    0.0529370
      7.06201    0.0556504
      7.09225    0.0561896
      7.12249    0.0590114
      7.15273    0.0619763
      7.18298    0.0650313
      7.21322    0.0658951
      7.24346    0.0705019
      7.27370    0.0718551
      7.30394    0.0737093
      7.33419    0.0775971
      7.36443    0.0841311
      7.39467    0.0898519
      7.42491    0.0989357
      7.45515     0.106067
      7.48540     0.110968
      7.51564     0.118043
      7.57612     0.133287
      7.63660     0.138537
      7.69709     0.136550
      7.75757     0.129541
      7.81805     0.127588
      7.87854     0.122845
      7.93902     0.114486
      7.99951     0.105399
      8.05999    0.0966034
      8.12047    0.0901529
      8.18096    0.0889383
      8.24144    0.0892486
      8.30192    0.0891546
      8.36241    0.0888799
      8.42289    0.0912316
      8.48337    0.0957664
      8.54386    0.0991386
      8.60434     0.102321
      8.66483    0.0966457
      8.72531    0.0878172
      8.78579    0.0786253
      8.84628    0.0706082
      8.90676    0.0642152
      8.96724    0.0608646
      9.02773    0.0592998
      9.08821    0.0569230
      9.14869    0.0583649
      9.20918    0.0608390
      9.26966    0.0589357
      9.33015    0.0610270
      9.39063    0.0594000
      9.45111    0.0591184
      9.51160    0.0592791
      9.57208    0.0575126
      9.63256    0.0622951
      9.69305    0.0636328
      9.75353    0.0601265
      9.81401    0.0581328
      9.87450    0.0570797
      9.93498    0.0573407
      9.99547    0.0573086
      10.0560    0.0585139
      10.1164    0.0583098
      10.1769    0.0584450
      10.2374    0.0584914
      10.2979    0.0590114
      10.3584    0.0595537
      10.4188    0.0618909
      10.4793    0.0623248
      10.5398    0.0644908
      10.6003    0.0670901
      10.6608    0.0692962
      10.7213    0.0704103
      10.7817    0.0716788
      10.8422    0.0728091
      10.9027    0.0773574
      10.9632    0.0863049
      11.0237    0.0957211
      11.0842     0.104562
      11.1447     0.132104
      11.2051     0.189168
      11.2656     0.215498
      11.3261     0.187917
      11.3866     0.156828
      11.4471     0.134074
      11.5076     0.118725
      11.5680     0.110726
      11.6285     0.103838
      11.6890    0.0996348
      11.7495    0.0968308
      11.8100    0.0957276
      11.8705    0.0981214
      11.9309     0.101710
      11.9914     0.103314
      12.0519     0.105756
      12.1124     0.104400
      12.1729    0.0998023
      12.2334     0.106979
      12.2938     0.114986
      12.3543     0.110078
      12.4148     0.110659
      12.4753     0.111397
      12.5358     0.114158
      12.5963     0.118936
      12.6567     0.122758
      12.7172     0.124889
      12.7777     0.129383
      12.8382     0.122654
      12.8987     0.108845
      12.9592     0.100162
      13.0197    0.0977774
      13.0801    0.0963016
      13.1406    0.0957220
      13.2011    0.0964008
      13.2616    0.0992310
      13.3221    0.0960516
      13.3826    0.0968733
      13.4430    0.0972522
      13.5035     0.100103
      13.5640    0.0982595
      13.6245    0.0977596
      13.6850    0.0984150
      13.7455    0.0960041
      13.8059    0.0947593
      13.8664    0.0944387
      13.9269    0.0951220
      13.9847    0.0934694
      13.9874    0.0960361
      14.0479    0.0927765
      14.0694    0.0950444
      14.1083    0.0969247
      14.1540    0.0961310
      14.1688    0.0968996
      14.2387    0.0983993
      14.3234    0.0995473
      14.4081     0.100442
      14.4927     0.100401
      14.5774     0.100618
      14.6621    0.0995231
      14.7468     0.102538
      14.8315     0.102906
      14.9161     0.102863
      15.0008     0.102176
      15.0855     0.103739
      15.1701     0.103886
      15.2548     0.107508
      15.3395     0.112476
      15.4242     0.116021
      15.5089     0.121274
      15.5935     0.125960
      15.6782     0.132215
      15.7629     0.135924
      15.8476     0.142638
      15.9322     0.148486
      16.0169     0.150814
      16.1016     0.155141
      16.1863     0.160616
      16.2710     0.169448
      16.3556     0.185760
      16.4403     0.202605
      16.5250     0.198502
      16.6097     0.195483
      16.6943     0.194272
      16.7790     0.197651
      16.8637     0.203494
      16.9484     0.219687
      17.0330     0.246474
      17.1177     0.246693
      17.2024     0.223320
      17.2871     0.224071
      17.3717     0.231113
      17.4564     0.231016
      17.5411     0.227873
      17.6258     0.227446
      17.7105     0.232761
      17.7951     0.236671
      17.8798     0.237408
      17.9645     0.238176
      18.0492     0.239126
      18.1338     0.236798
      18.2185     0.242728
      18.3032     0.244915
      18.3879     0.251074
      18.4725     0.256840
      18.5572     0.256118
      18.6419     0.260023
      18.7266     0.264523
      18.8113     0.269262
      18.8959     0.270796
      18.9806     0.273925
      19.0653     0.276202
      19.1500     0.278653
      19.2346     0.284351
      19.3193     0.290057
      19.4040     0.293547
      19.4887     0.295523
      19.5734     0.296157
      19.6580     0.299184
      19.7427     0.304647
      19.8274     0.307432
      19.9121     0.310821
      19.9967     0.314860
      20.0814     0.318744
      20.1661     0.323594
      20.2508     0.328993
      20.3354     0.333478
      20.4201     0.340300
      20.5048     0.341969
      20.5895     0.343657
      20.7588     0.357437
      20.9282     0.364922
      21.0975     0.375157
      21.2669     0.386857
      21.4362     0.397158
      21.6056     0.401097
      21.7750     0.410518
      21.9443     0.428291
      22.1137     0.432259
      22.2830     0.436102
      22.4524     0.442724
      22.6217     0.464223
      22.7911     0.475209
      22.9604     0.484522
      23.1298     0.490161
      23.2991     0.503280
      23.4685     0.516697
      23.6378     0.526968
      23.8072     0.536224
      23.9765     0.548642
      24.1459     0.559492
      24.3153     0.570004
      24.4846     0.579592
      24.6540     0.590777
      24.8233     0.604759
      24.9927     0.619864
      25.1620     0.637368
      25.3314     0.645470
      25.5007     0.652693
      25.6701     0.664885
      25.8394     0.681573
      26.0088     0.700928
      26.1782     0.714270
      26.3475     0.722093
      26.5168     0.733633
      26.6862     0.743417
      26.8556     0.762629
      27.0249     0.773545
      27.1943     0.788917
      27.3636     0.799674
      27.5330     0.815009
      27.7023     0.823376
      27.8717     0.838007
      28.0410     0.862830
      28.2104     0.892691
      28.3797     0.899167
      28.5491     0.896089
      28.7185     0.908215
      28.8878     0.918826
      29.0572     0.931006
      29.2265     0.942014
      29.3959     0.960933
      29.5652     0.975182
      29.7346     0.990169
      29.9039      1.00000
